1.1574356450765593	0.4168338818998709	0.5022094962649047	0.9840730096269021	0.0	0.0
1.1557420019607751	0.41692461951242654	0.5023188186896705	0.9846262582541279	0.0	0.0
1.1554716302763701	0.41723622064202764	0.5026942417373828	0.9840594321362413	0.0	0.0
1.1552677901701607	0.4175295372864777	0.5030476352849128	0.9846109032570722	0.0	0.0
1.1535096562741793	0.4179831023781109	0.5035940992507361	0.9848828030341397	0.0	0.0
1.149807679652962	0.41866001409267495	0.5044096555333434	0.9869988413057277	0.0	0.0
1.1490997668116416	0.41911132170735677	0.5049533996474178	0.9869743435043653	0.0	0.0
1.146802817941567	0.41954291065080623	0.5054733863262726	0.9906859763401435	0.0	0.0
1.1463895715644785	0.4206005334449819	0.5007149207678355	0.9904085986375851	0.0	0.0
1.1471084464891068	0.4217960990410052	0.5021382131440537	0.9851579715658565	0.0	0.0
1.151398541641751	0.4223756475705691	0.5028281518697251	0.9842366803235364	0.0	0.0
1.14909611121178	0.42355936471068967	0.5042373389412972	0.985266990400177	0.0	0.0
1.1544861086929492	0.42484049330779433	0.5057624920330885	0.978410078149372	0.0	0.0
1.1522493644937217	0.4259202917729066	0.5070479663963173	0.9801398898842526	0.0	0.0
1.1558424777913325	0.42718849900311	0.5085577369084643	0.9749010937964014	0.0	0.0
1.1590904138474065	0.42869885062793023	0.5103557745570598	0.9730750203717751	0.0	0.0
1.1562718347866088	0.4298742430684126	0.5117550512719198	0.9760083455163039	0.0	0.0
1.1615924128110815	0.43136390891925613	0.5135284629991145	0.968782775893946	0.0	0.0
1.1581732723058753	0.4325788229187823	0.5149747891890266	0.9703126562227565	0.0	0.0
1.166018381790976	0.4341034478660809	0.5167898188881915	0.966472231565325	0.0	0.0
1.160380851629963	0.43603489769116244	0.5129822325778381	0.97269811901554	0.0	0.0
1.153723650277918	0.43748450275863116	0.5146876503042719	0.9779509797370985	0.0	0.0
1.1572204876458023	0.4391914648568625	0.5166958410080735	0.9742990563911781	0.0	0.0
1.1588964599082714	0.44089142559156097	0.5186957948136011	0.9692836144964797	0.0	0.0
1.1657623140331386	0.44278043498244707	0.520918158802879	0.9626808272323241	0.0	0.0
1.1671158156246262	0.4444995266194119	0.5229406195522492	0.960614483760859	0.0	0.0
1.1639064313491319	0.4462177000789509	0.5249620000928834	0.9630658238027916	0.0	0.0
1.1736746401460088	0.44797659951303564	0.5270312935447479	0.9555148659254477	0.0	0.0
1.178417160101294	0.4502237629539676	0.5296750152399619	0.9527595218914231	0.0	0.0
1.1805057504770884	0.4518195493691127	0.5315524110224856	0.951035089762768	0.0	0.0
1.1909689551521803	0.45363959837747153	0.5336936451499665	0.9409399009254018	0.0	0.0
1.1912251191449759	0.455935372121318	0.5301574094433931	0.9377575272400066	0.0	0.0
1.1991638119329933	0.45773785943370127	0.5322533249229084	0.9321770347187529	0.0	0.0
1.203120057844047	0.45914268094874805	0.5338868383124977	0.9185735219416077	0.0	0.0
1.2054420698615602	0.46121312096544714	0.5362943267040083	0.9182972391960219	0.0	0.0
1.2102152057553464	0.4634799480319768	0.5389301721302056	0.9190286260340723	0.0	0.0
1.2170660806275675	0.46562355002316047	0.5414227325850703	0.9237299803449287	0.0	0.0
1.2270498568409147	0.4668856509050718	0.5428902917500834	0.9148223362524529	0.0	0.0
1.233550232673768	0.46889931984465505	0.5452317672612268	0.9124518202628765	0.0	0.0
1.2350105080938252	0.4701159302120571	0.5466464304791362	0.9121807069986795	0.0	0.0
1.245850855701889	0.47209903728131325	0.5489523689317596	0.8978779341997001	0.0	0.0
1.245205615080097	0.47348559296777537	0.5505646429857853	0.8873224471419133	0.0	0.0
1.2454693055244235	0.4751921048627122	0.5525489591426886	0.8881405946259042	0.0	0.0
1.252303582207796	0.4764645693067358	0.5540285689613207	0.8835119434894194	0.0	0.0
1.2491892707876846	0.4792765996895782	0.5508926433213542	0.8868076125461067	0.0	0.0
1.2565362340384314	0.48098116358429766	0.5465695040730655	0.8878960805441938	0.0	0.0
1.2524056705536513	0.4827232492017104	0.5485491468201255	0.8878198431006521	0.0	0.0
1.2497162491305716	0.48430287738823574	0.5503441788502679	0.8819652008231926	0.0	0.0
1.2446376516143185	0.48602601832993775	0.5460966498089188	0.8842039793677618	0.0	0.0
1.2402315764461953	0.48737111773852393	0.5476079974590157	0.8827017923622861	0.0	0.0
1.239802820182757	0.48901097957275885	0.5494505388457965	0.8816249379841025	0.0	0.0
1.2392306646535665	0.48986189137621106	0.5504066195238326	0.8808189456648295	0.0	0.0
1.2463049534372104	0.49104385773760023	0.5456042863751114	0.877815937599262	0.0	0.0
1.2508758864081124	0.49262414582797376	0.547360162031082	0.8738444691868803	0.0	0.0
1.2542000099078243	0.49400739063242305	0.5488971007026923	0.8693174110580195	0.0	0.0
1.2518418006849374	0.49490342052906966	0.5498926894767441	0.8735711594266332	0.0	0.0
1.25068657386817	0.49607223619118074	0.5511913735457564	0.8700464250099849	0.0	0.0
1.256035933038818	0.4971276541238215	0.5462941254107928	0.8700234151053031	0.0	0.0
1.252956545216262	0.49814386268014177	0.5474108381100459	0.8678872872003709	0.0	0.0
1.2586875391318855	0.4984381905260636	0.5477342753033666	0.8705354689770309	0.0	0.0
1.2667309958434698	0.4994322983601925	0.548826701494717	0.8639195366400735	0.0	0.0
1.2639442911109344	0.5003829769331058	0.5498714032231932	0.8640593500294467	0.0	0.0
1.2804455046905412	0.5009735062091586	0.5505203364935809	0.8528574068190802	0.0	0.0
1.2739697786145188	0.5012744656721569	0.5508510611781945	0.8485297864120324	0.0	0.0
1.2743654762074104	0.5013389027637528	0.5509218711689592	0.8441402366848181	0.0	0.0
1.2691637410691285	0.5011433533832512	0.5507069817398365	0.8403254531593528	0.0	0.0
1.2657311430802398	0.5013962829944016	0.5509849263674743	0.83685649484772	0.0	0.0
1.2655706288747757	0.5017447112627242	0.5513678145744223	0.8411853240508471	0.0	0.0
1.263070410911265	0.50256064092565	0.5462615662235326	0.8488348252922022	0.0	0.0
1.2599661756806186	0.5025598833648267	0.5462607427878551	0.8553533913403119	0.0	0.0
1.2635377213767278	0.5024915772649645	0.5461864970271353	0.8466107051105887	0.0	0.0
1.2739687246356708	0.5009125079142622	0.5444701172981111	0.84513906014329	0.0	0.0
1.2684542489094184	0.500509717938455	0.5440323021070163	0.8541527727804439	0.0	0.0
1.2654278469456106	0.4994613694004127	0.5428927928265356	0.855673758722415	0.0	0.0
1.2496572270158577	0.4987287993041047	0.5420965209827225	0.87091788752747	0.0	0.0
1.2419861533498087	0.49787771627326555	0.5411714307318104	0.8688988252523984	0.0	0.0
1.243319510837381	0.49717350237549696	0.5404059808429315	0.8729990081105982	0.0	0.0
1.2380959967279805	0.4961291502326468	0.545196868387524	0.8772516792996954	0.0	0.0
1.2380012069322057	0.4954705881726976	0.5444731738161512	0.8779186641093899	0.0	0.0
1.2370076099474385	0.49443405777393523	0.5493711753043725	0.8825071768996996	0.0	0.0
1.2413967593885293	0.4930549631099359	0.5478388478999288	0.8816493549193138	0.0	0.0
1.241307363749887	0.4907944908257992	0.5453272120286657	0.8804926801625482	0.0	0.0
1.2406077524757808	0.48824957520894996	0.5612064082861494	0.8777655094597693	0.0	0.0
1.2407039621258862	0.4870655078822337	0.5598454113588893	0.8860400522477088	0.0	0.0
1.2463097554778342	0.48547604145120354	0.5580184384496593	0.8829863529444859	0.0	0.0
1.2378937762017919	0.4844989273855574	0.556895318833974	0.8930612501712349	0.0	0.0
1.2268011489740889	0.48317466064094455	0.5553731731505109	0.8952552677224771	0.0	0.0
1.2235127977417952	0.4813756137832155	0.5533053031990983	0.9100567625513821	0.0	0.0
1.2197360071023755	0.47975850940550124	0.5514465625350589	0.901109598369302	0.0	0.0
1.220329859727975	0.4774752154217187	0.5488220866916308	0.9060834824660691	0.0	0.0
1.2220299917720538	0.4755442251985717	0.5466025576995077	0.9090312699770106	0.0	0.0
1.2167911599984946	0.4737328326580779	0.5445204973081356	0.9211999156890806	0.0	0.0
1.2003944213149809	0.4710342712166479	0.5414187025478712	0.9324595287505604	0.0	0.0
1.1940266330257208	0.46796517008977906	0.5378910001031943	0.9355519135039225	0.0	0.0
1.1981960901271678	0.4645372484805922	0.5339508603225197	0.9399073134678956	0.0	0.0
1.188521119249562	0.46216960478102576	0.5312294307827883	0.9357173310294548	0.0	0.0
1.1865163675947765	0.4585644060046355	0.5270855241432592	0.9377431844895779	0.0	0.0
1.1879361075532149	0.4556406836615327	0.5237249237488882	0.9327500570718631	0.0	0.0
1.180698321358237	0.4525633260379319	0.5201877310780827	0.9311370353737618	0.0	0.0
1.1821925958154789	0.44972512405071546	0.5169254299433511	0.9436039896099803	0.0	0.0
1.1817305708135115	0.44616447436666745	0.512832729157089	0.9376544370802055	0.0	0.0
1.1759670827465871	0.442933336720409	0.5091187778395506	0.9474253783564014	0.0	0.0
1.1791173719486578	0.4394519471451027	0.5051171806265549	0.949480810919086	0.0	0.0
1.1707997938159536	0.43598889728565277	0.5011366635467273	0.9552122714788575	0.0	0.0
1.1661161825878517	0.4323368599145974	0.49693891944206603	0.9618668268165989	0.0	0.0
1.166985389445812	0.42853869185705784	0.49257320903110097	0.9620876324306035	0.0	0.0
1.1647857587765729	0.4253543952635431	0.4889130980040725	0.9620601065046818	0.0	0.0
1.1548987746924786	0.42080570184094745	0.48368471475970976	0.9630224187126041	0.0	0.0
1.1463650070526241	0.41658795304281376	0.4788367276354181	0.9597305420929904	0.0	0.0
1.142572154773682	0.4132248365216353	0.4749710764616497	0.9673730140262913	0.0	0.0
1.1314197729597852	0.40953734462650315	0.4707325800304634	0.9763360881125642	0.0	0.0
1.1307712499168385	0.40503528987141313	0.4655578044499002	0.9789472504939276	0.0	0.0
1.1304075514037968	0.40126975207253707	0.46122960008337593	0.9784622788193975	0.0	0.0
1.1322999265436806	0.3977100349580013	0.45713797121609345	0.9693399822691245	0.0	0.0
1.137653692196563	0.3934342798330062	0.4522233101528807	0.980443531875365	0.0	0.0
1.1306729263830633	0.3893977348629839	0.4475836032907861	0.9893177086319832	0.0	0.0
1.1325742731166697	0.38476543658346524	0.44225912250973015	0.9894284257503471	0.0	0.0
1.130019300026436	0.38067604779763664	0.4375586756294674	0.9974309199593312	0.0	0.0
1.135211771636876	0.37579323157242783	0.43194624318669866	0.988116825649137	0.0	0.0
1.1299620691109662	0.37136429387308145	0.4318189463640482	0.9855599879809424	0.0	0.0
1.1211367490755682	0.3674502260453837	0.42726770470393455	0.9890537949984611	0.0	0.0
1.1249058944071029	0.36414857262170697	0.4234285728159384	0.9911490849199054	0.0	0.0
1.1210432228491016	0.3607145631314985	0.41943553852499826	0.9961562449191176	0.0	0.0
1.1284776411971147	0.3573070942549858	0.4154733654127742	0.9987976679589726	0.0	0.0
1.130061862048236	0.3542412139627007	0.41190838832872173	0.992131864808335	0.0	0.0
1.1330622772926464	0.35059063343822816	0.40766352725375365	0.9973485909686032	0.0	0.0
1.1287636863254926	0.3479369680951547	0.4045778698780868	1.005177579767166	0.0	0.0
1.1217864946532718	0.34427840583517005	0.400323727715314	1.000230958750051	0.0	0.0
1.1185310869379395	0.34125413823557016	0.39680713748322116	0.9924318033349095	0.0	0.0
1.1222516629334909	0.33798352265834614	0.393004096114356	0.993412283296249	0.0	0.0
1.1151133302754144	0.3345079334698252	0.38896271333700605	0.9975114946165535	0.0	0.0
1.105078437663123	0.331964950739166	0.38600575667344883	1.0068961662690152	0.0	0.0
1.1002730108056231	0.32886683202382166	0.38240329305095544	1.0139536707388432	0.0	0.0
1.094249251949378	0.32551935037509894	0.38752303616083206	1.026360271178727	0.0	0.0
1.0876166966029226	0.3232166530674058	0.3847817298421498	1.0261944605000755	0.0	0.0
1.081246212681722	0.31954171595877334	0.3804068047128254	1.039409753148511	0.0	0.0
1.0906597184049116	0.31646895482711895	0.3767487557465702	1.0435740320232418	0.0	0.0
1.0776773134256046	0.31423776247148444	0.3832167835018103	1.0520319754525986	0.0	0.0
1.078247270794961	0.31156433357688945	0.3846473254035672	1.0548784478394535	0.0	0.0
1.0929871733140528	0.308062770209337	0.3850784627616712	1.0392580268509048	0.0	0.0
1.0991503360311285	0.30618381566746056	0.3875744502119754	1.0322097155498318	0.0	0.0
1.1068632322658782	0.3049480659219552	0.381185082402444	1.032905504475383	0.0	0.0
1.102610444090004	0.30421693028285746	0.3802711628535718	1.020201091117779	0.0	0.0
1.1037363458624476	0.30180134777803014	0.38202702250383563	1.0207447766374624	0.0	0.0
1.1034257706821857	0.30017417819200815	0.384838689989754	1.0129840093047546	0.0	0.0
1.1062211569182612	0.2997924308514779	0.3843492703224075	1.0140088995720802	0.0	0.0
1.1004934375476085	0.2998187805137919	0.38438305194075884	1.0149622985471611	0.0	0.0
1.0959809547682267	0.2993929582750221	0.3838371259936181	1.0240293171890915	0.0	0.0
1.0926849594489854	0.29893831904608464	0.383254255187288	1.0120395480712512	0.0	0.0
1.0978973103042864	0.2985004046963684	0.3826928265338056	1.0140096891495618	0.0	0.0
1.1041265527634123	0.2982369525389617	0.3823550673576432	1.012125910258276	0.0	0.0
1.103505879310559	0.2980158727520714	0.3820716317334249	1.0139819974925908	0.0	0.0
1.098179003829872	0.2970085021730251	0.38078013099105784	1.010088507485251	0.0	0.0
1.1005448408091079	0.2977488106574065	0.38172924443257245	1.0115076209528608	0.0	0.0
1.1076100177354724	0.29755432447232033	0.3814799031696414	1.0037645997174567	0.0	0.0
1.1094011754061417	0.2969472452480064	0.38070159647180307	1.007419006962797	0.0	0.0
1.1012184179258206	0.2981551593710474	0.3822502043218557	1.0149687074510614	0.0	0.0
1.1009279717031215	0.2989086681177725	0.38321624117663144	1.0129510990442447	0.0	0.0
1.0985439086449809	0.29823114771102366	0.3823476252705431	1.0133756741962359	0.0	0.0
1.105905532749329	0.2987195402775982	0.3879474549059717	0.9995622952124292	0.0	0.0
1.113384467968146	0.2979963531676449	0.3870082508670713	0.9892626928013576	0.0	0.0
1.1190889505772355	0.29890678789275227	0.388190633626951	0.9883719667860548	0.0	0.0
1.1235211222563333	0.29940295108695497	0.39395125143020393	0.9893316234957165	0.0	0.0
1.1217486328011321	0.3003089420525911	0.3850114641699886	0.99405852832877	0.0	0.0
1.126806995510083	0.30095511820959336	0.38583989514050426	0.9945409142706001	0.0	0.0
1.1183493106315279	0.30053513061625403	0.38530144950801803	0.9947069953878125	0.0	0.0
1.1224022469886825	0.30196320755786193	0.38713231738187426	0.9856579726186758	0.0	0.0
1.1270601605509578	0.302061316191124	0.38725809768092817	0.9813922955904738	0.0	0.0
1.119905510926455	0.30352186017147337	0.3941842339889265	0.9922683264126086	0.0	0.0
1.1235518898447787	0.305994617556699	0.3973956072164922	0.9777069861461567	0.0	0.0
1.1328084579798388	0.3072423814659639	0.39901607982592713	0.9578289457920397	0.0	0.0
1.1426307137280736	0.30887499781937067	0.3959935869479111	0.9526256525429043	0.0	0.0
1.1321009175569943	0.31103985149197166	0.39876904037432265	0.9542969451930489	0.0	0.0
1.127074676070574	0.3125151046258159	0.4058637722413193	0.9667818964048012	0.0	0.0
1.1304006322277638	0.3137903314008363	0.4128820150011004	0.964037344311124	0.0	0.0
1.1196058943395892	0.3152054417752575	0.4147440023358651	0.975893443820553	0.0	0.0
1.1203270889857946	0.31739367634601945	0.4176232583500256	0.9740311710574339	0.0	0.0
1.109404777766171	0.3192446989425571	0.42005881439810144	0.9846101301744974	0.0	0.0
1.116377828182567	0.32111137418233165	0.4225149660293837	0.9843086576574039	0.0	0.0
1.1183423951935794	0.3231816104299903	0.4197163771818056	0.9936837841576597	0.0	0.0
1.1341935757850161	0.32638197440562783	0.4238726940332829	0.9851008386871761	0.0	0.0
1.1408419318032599	0.328302339902443	0.42636667519797794	0.9697608461574706	0.0	0.0
1.1494857136582903	0.3299960712941053	0.42856632635598085	0.9715998759646293	0.0	0.0
1.153182122991015	0.33075402509317464	0.42955068193918783	0.9638275930108401	0.0	0.0
1.1257907266803109	0.33108678864871505	0.43564051137988824	0.997087660090093	0.0	0.0
1.1256285364196055	0.3279102945450545	0.4314609138750717	0.9968254294169222	0.0	0.0
1.137312035564521	0.3267257117267153	0.4415212320631287	0.9857535880091605	0.0	0.0
1.1532852032736314	0.3293374041324799	0.4277109144577661	0.9705053864879585	0.0	0.0
1.16185003072709	0.32633936425690474	0.4238173561777983	0.9697414362249475	0.0	0.0
1.1529948815767832	0.3246111655583197	0.4215729422835321	0.9663325606115267	0.0	0.0
1.1413259857041533	0.32481926573195297	0.4273937706999381	0.9851902022729864	0.0	0.0
1.1547007238288947	0.32566308598185756	0.4229390727037111	0.9825783626895319	0.0	0.0
1.1397429232236997	0.32531339722084235	0.42248493145563937	0.9752042630156977	0.0	0.0
1.1351306251415263	0.3255011165653931	0.42829094284920144	0.9899380534953391	0.0	0.0
1.1094251742352	0.32528392395991873	0.42800516310515624	1.0200739239243957	0.0	0.0
1.1201118692873813	0.3261697800817378	0.4291707632654445	1.0035505193625445	0.0	0.0
1.1249831755984268	0.32860104409341895	0.43236979485976174	0.9897268504955118	0.0	0.0
1.123294493319458	0.32990321525562427	0.43408317796792667	0.9896758137591323	0.0	0.0
1.1295791553480683	0.3304247675649334	0.4347694310064913	0.9852921087350358	0.0	0.0
1.1327834948836668	0.3318782451766834	0.43668190154826764	0.9771534672095394	0.0	0.0
1.1165614319214643	0.33288666605381584	0.43800877112344194	0.9994363710947107	0.0	0.0
1.131451286818983	0.3289272090433096	0.4327989592675126	0.986589559181039	0.0	0.0
1.1493144809138371	0.3237292290418565	0.4259595118971796	0.9684470987548202	0.0	0.0
1.1894748241446194	0.3211100934336919	0.4225132808338051	0.9253499980274056	0.0	0.0
1.2010319294610832	0.319791556321132	0.4207783635804368	0.8968890177977048	0.0	0.0
1.1986197174399864	0.31579555150759353	0.42106073534345806	0.9071898475677397	0.0	0.0
1.1984403128901862	0.3088297315999453	0.406354909999928	0.9180051548678427	0.0	0.0
1.189477987084336	0.30435532222834566	0.4058070963044608	0.9223522631408938	0.0	0.0
1.200545958838911	0.302127599452182	0.402836799269576	0.9209636357772055	0.0	0.0
1.1873173645120005	0.29972663791926163	0.389255373921119	0.9253853422863777	0.0	0.0
1.1736654428310067	0.2965370425060075	0.38511304221559417	0.9432552743522141	0.0	0.0
1.1825668545150607	0.292004713340096	0.37922690044168306	0.9401652652780675	0.0	0.0
1.1940060015112353	0.29008823536351785	0.38169504653094455	0.9294806405907519	0.0	0.0
1.20952675092581	0.29156865111062025	0.37380596296233365	0.9089169299145585	0.0	0.0
1.1833120809165836	0.2942868281136409	0.3772908052738986	0.9334865424071185	0.0	0.0
1.1660779439631561	0.29361181004427606	0.38131403901854033	0.9360153265697339	0.0	0.0
1.1583242263856341	0.29983312738152373	0.38939367192405683	0.9402599747036304	0.0	0.0
1.1476314307321207	0.3057963880211755	0.38708403546984244	0.9477017525538924	0.0	0.0
1.147634639212344	0.3130747329961665	0.39134341624520813	0.9693316750780822	0.0	0.0
1.136619787103404	0.3221799441727456	0.40272493021593203	0.9748466199207559	0.0	0.0
1.1548798996792475	0.3284950517597855	0.4106188146997319	0.9647022343718141	0.0	0.0
1.1572295902574878	0.33538798186534696	0.4040819058618638	0.9564222852111801	0.0	0.0
1.1508250487862768	0.33844986145421574	0.4077709174147177	0.9698372814534768	0.0	0.0
1.1497314664876512	0.33777321186503245	0.3973802492529793	0.9647375907527155	0.0	0.0
1.1550606090776234	0.339607899313804	0.404295118230719	0.9667004379610842	0.0	0.0
1.133152735680194	0.3391029864702266	0.4036940315121745	0.9812935852647146	0.0	0.0
1.1481947954537173	0.3366896046493466	0.40082095791588884	0.9572665281494406	0.0	0.0
1.1432585183154649	0.33955206481445577	0.40422864858863783	0.9514041181963634	0.0	0.0
1.14079096484014	0.3379742831569637	0.40719793151441414	0.9636636149740947	0.0	0.0
1.1387799813060826	0.3348280351365348	0.39860480373397	0.9661455585708345	0.0	0.0
1.131650007789252	0.3325916559369212	0.3959424475439538	0.9751306992888965	0.0	0.0
1.1282745488610206	0.3307828996235422	0.39378916621850263	0.9728130843520145	0.0	0.0
1.1266338675591578	0.32924541868967644	0.39195883177342433	0.9797610616488934	0.0	0.0
1.135796339705882	0.32450806226610085	0.38631912174535815	0.975179020232094	0.0	0.0
1.1256003534598409	0.3245817378124989	0.3864068307291654	0.9784582031987572	0.0	0.0
1.1152385466535144	0.32297688951864506	0.3844962970460061	0.9857446241965986	0.0	0.0
1.1247598455830494	0.320569509524163	0.38622832472790725	0.9886546466088271	0.0	0.0
1.1157014535460301	0.31810644276237043	0.3832607744124945	0.995147863494672	0.0	0.0
1.1120575398434098	0.3170661571425658	0.3820074182440552	0.9907838598151029	0.0	0.0
1.0949979617086627	0.3157204456934148	0.38502493377245706	0.9966733144464482	0.0	0.0
1.1045456881602747	0.31268634015594626	0.38603251871104477	1.0047361026370274	0.0	0.0
1.1154298400573535	0.308791314546417	0.38122384511903334	0.992624984048217	0.0	0.0
1.09096381149698	0.3082256825158717	0.3758849786778923	1.0175383508853242	0.0	0.0
1.0760695145409134	0.31094212047283754	0.37919770789370427	1.0388892891552142	0.0	0.0
1.0858893687792148	0.314866134152112	0.36612341180478136	1.0331343021907604	0.0	0.0
1.0875137638909216	0.3172765590958861	0.3689262315068443	1.0325186419235348	0.0	0.0
1.0803065999843637	0.3183565837090454	0.3659271077115464	1.0250917552825107	0.0	0.0
1.07864299499194	0.32102709334198165	0.3732873178395136	1.0416075297440357	0.0	0.0
1.051974378344351	0.32461157094181475	0.3774553150486218	1.0594678695699784	0.0	0.0
1.0509647769647608	0.3303530873543808	0.38865069100515387	1.073035537515285	0.0	0.0
1.0504678326506611	0.3299809978724484	0.3882129386734687	1.072640865852479	0.0	0.0
1.0326010502626768	0.3312363005398008	0.38968976534094213	1.0943551801085418	0.0	0.0
1.0190502319472237	0.33265076255314213	0.3913538382978143	1.1062542117394936	0.0	0.0
1.0142589093294703	0.3343957045887624	0.3888322146380958	1.1120832450154248	0.0	0.0
1.0162976651847777	0.3366209994512726	0.39141976680380536	1.116721540353701	0.0	0.0
1.0029719610377539	0.3397356720860115	0.399689025983543	1.1240040847598214	0.0	0.0
1.0158593520611063	0.3463996563515706	0.40752900747243603	1.1126813667322764	0.0	0.0
1.0138675634310579	0.34842478295846036	0.40991150936289455	1.1124602950413267	0.0	0.0
1.0221513007034457	0.3503056033428851	0.4073320969103315	1.1027407525849202	0.0	0.0
1.0215759746996778	0.3524126141872053	0.4146030755143592	1.1043523256686831	0.0	0.0
1.004928486611949	0.3528886117355864	0.4151630726301016	1.114940782300172	0.0	0.0
1.0021337558403922	0.3545500663903606	0.41711772516513007	1.1177866763465236	0.0	0.0
1.0030672735935058	0.35673317554991607	0.41968608888225417	1.1160566035109003	0.0	0.0
1.0013940288609209	0.35906640736721085	0.4224310674908363	1.1148547141826768	0.0	0.0
1.0115271223509419	0.3626593726813872	0.4266580855075144	1.1017066978207581	0.0	0.0
1.0028425061566262	0.36784671236629296	0.42772873530964295	1.1097353712401739	0.0	0.0
0.9812622973493275	0.36843070679240064	0.4284077985958147	1.1283708018432375	0.0	0.0
0.9769342565147792	0.36983771347203714	0.4300438528744618	1.134109585044627	0.0	0.0
0.968245910271635	0.36977238426864983	0.4299678886844766	1.1424097519970817	0.0	0.0
0.9643485453885552	0.37114556206595206	0.43664183772464943	1.1551036649156166	0.0	0.0
0.9626031122443981	0.3731538148292525	0.43900448803441466	1.1550948520369626	0.0	0.0
0.9579963960491387	0.3752981577258337	0.4363932066579462	1.167773355379342	0.0	0.0
0.9624114097732526	0.37709947043767067	0.4334476671697364	1.1599107485207216	0.0	0.0
0.9738800585768563	0.3791858337235723	0.4308929928676957	1.1485685132580463	0.0	0.0
0.9625627424153393	0.37980109412949853	0.4416291792203471	1.1548489948817662	0.0	0.0
0.954202017872458	0.37944648359019384	0.4464076277531692	1.1629124740689012	0.0	0.0
0.9376641349884494	0.38084267743786593	0.44805020875043045	1.1708696601429303	0.0	0.0
0.9481273671432136	0.37865182772224104	0.4454727384967542	1.1792886494963821	0.0	0.0
0.9526190989007322	0.37736230063142934	0.4387933728272434	1.1777769731196412	0.0	0.0
0.9342875064922105	0.3776683825023908	0.43410158908320784	1.1957693486075989	0.0	0.0
0.9440129973552736	0.38034268254662207	0.4371754971800254	1.1882040377197671	0.0	0.0
0.9419443398975647	0.38088649832287297	0.4378005727849114	1.1889495571654904	0.0	0.0
0.9281283107241043	0.3813567215335435	0.43834105923395805	1.194835369520723	0.0	0.0
0.9326901432370156	0.3843432122339949	0.43675365026590335	1.1852551864159384	0.0	0.0
0.9348884025270794	0.3863643282558747	0.444096929029741	1.1923022178454155	0.0	0.0
0.9278047028805079	0.38700740665304195	0.4348397827562269	1.1874851803763633	0.0	0.0
0.9262821419610148	0.3880051161170939	0.4359608046259482	1.1828103241467474	0.0	0.0
0.9187732921678771	0.3910457720507488	0.4393772719671335	1.1859645251293718	0.0	0.0
0.9187801694011573	0.394521722155778	0.4483201388133841	1.1846705991127544	0.0	0.0
0.9067987913274524	0.3982293008779523	0.4577348285953475	1.2044511428713358	0.0	0.0
0.9044280629926515	0.40225346143959306	0.4623603005052794	1.2097030689881156	0.0	0.0
0.8950448001958349	0.40576763839697355	0.4663995843643374	1.2131584626170153	0.0	0.0
0.888179304920544	0.40996357704893766	0.47122250235510077	1.214144053937338	0.0	0.0
0.8757899022983093	0.4128909212244121	0.47458726577518634	1.2261062204704696	0.0	0.0
0.891204531704032	0.4162039691894767	0.478395366884456	1.2227732264052842	0.0	0.0
0.8736060885101857	0.41823232429029744	0.48072680952907754	1.233332638656011	0.0	0.0
0.8836912824967738	0.41950307197233727	0.47670803633220143	1.220825535347812	0.0	0.0
0.8774082741485889	0.4210766025897793	0.47849613930656737	1.2282168214144633	0.0	0.0
0.8688875049762146	0.4238332319749343	0.4816286726987889	1.2384822038873555	0.0	0.0
0.8637205618269601	0.4266540270020785	0.484834121593271	1.2415126721165202	0.0	0.0
0.8491621132263087	0.427886096608429	0.49182309954991843	1.264758542303954	0.0	0.0
0.8337792449382058	0.4310767013242247	0.5012519782839822	1.271877345218895	0.0	0.0
0.8279844927686233	0.4331256106044515	0.5036344309354087	1.2795912281771562	0.0	0.0
0.8240659234237877	0.4344964927848073	0.505228479982334	1.2963163909575715	0.0	0.0
0.8354750106373263	0.4365994369195195	0.5076737638599064	1.285805932341762	0.0	0.0
0.8334313160844617	0.438501765447724	0.5098857737764233	1.2892660600955494	0.0	0.0
0.8284624432949641	0.4405576458152066	0.5122763323432635	1.292165466878894	0.0	0.0
0.8408771087352174	0.44311959861424094	0.5093328719703919	1.2807712339339299	0.0	0.0
0.8416800153272019	0.4437125647478786	0.510014442238941	1.286331572251551	0.0	0.0
0.8236448912733072	0.44610091637132454	0.5127596739900282	1.302559859335227	0.0	0.0
0.8195723322117929	0.446312443527352	0.5189679575899442	1.304877764617177	0.0	0.0
0.8130450048579045	0.44842543935066137	0.5154315394835188	1.3081533076127014	0.0	0.0
0.8187310486480648	0.4503956295367473	0.5176961259043071	1.3041719506599225	0.0	0.0
0.8070122236843451	0.4510565799415012	0.5184558390132198	1.3163751744003354	0.0	0.0
0.8123297979829058	0.45194653639142374	0.5255192283621206	1.3182513946010457	0.0	0.0
0.807856384050254	0.45313306792324626	0.5268989161898212	1.3190227743199998	0.0	0.0
0.8007243193155613	0.45497015489999343	0.5290350638372017	1.330363406469116	0.0	0.0
0.8061016517484378	0.45356885725717305	0.527405647973457	1.3219587256510508	0.0	0.0
0.8037771593483074	0.4539890057098901	0.5278941926859186	1.3209890098767152	0.0	0.0
0.8037325826939643	0.45259726874176154	0.5202267456801857	1.328595615880502	0.0	0.0
0.8037273446845246	0.4531838867064025	0.5149816894390937	1.3301997964007357	0.0	0.0
0.7965804375925636	0.4545560996824321	0.5224782754970484	1.3369632876402928	0.0	0.0
0.7930718581239289	0.4571550520675317	0.5254655770891169	1.3414672783963653	0.0	0.0
0.8047824933114334	0.4590111524409183	0.527599025794159	1.331004819409074	0.0	0.0
0.8037118556928478	0.4620043039897938	0.5310394298733262	1.3355317904394652	0.0	0.0
0.7945567160098645	0.4636222257776139	0.5328991100892114	1.3512165051974474	0.0	0.0
0.7859588672157827	0.4656134581486586	0.5291062024416575	1.344528941357516	0.0	0.0
0.7904600448430679	0.4660444644150866	0.5295959822898711	1.3470730331842915	0.0	0.0
0.7792157047703334	0.4683293306559277	0.5321924211999178	1.3537510621357987	0.0	0.0
0.7761582998597907	0.469162551796359	0.5331392634049534	1.3558151268723977	0.0	0.0
0.7810803978812912	0.47034913943154366	0.534487658444936	1.3408657589305302	0.0	0.0
0.7772604574978641	0.4708416959627338	0.5350473817758338	1.340325413924671	0.0	0.0
0.7720375056517803	0.4717037431209375	0.5360269808192472	1.34256909510191	0.0	0.0
0.7702064540300975	0.47158119033825197	0.5358877162934681	1.3535927645190118	0.0	0.0
0.7747265252753497	0.47225938233425807	0.5366583890162023	1.346983442143969	0.0	0.0
0.7779192171317582	0.4724947799294044	0.5369258862834141	1.3369830625947496	0.0	0.0
0.7829973878384995	0.47262306970415147	0.5370716701183539	1.3243442530667027	0.0	0.0
0.7866885051527157	0.4721651278985641	0.5427185378144415	1.3318907692966608	0.0	0.0
0.7823597714184334	0.47366965884482753	0.5444478837296868	1.3332280743923224	0.0	0.0
0.7825916903928563	0.47529452947135925	0.5401074198538173	1.332419013108775	0.0	0.0
0.7835949156626383	0.4762694455252656	0.5474361442819144	1.321625710594061	0.0	0.0
0.7820818447438302	0.4776703983362324	0.5490464348692327	1.3318303945699774	0.0	0.0
0.7792165408289582	0.4788886065831703	0.5441915983899662	1.3344538991883135	0.0	0.0
0.791921724698188	0.47944640866671906	0.5448254643939989	1.3321184260150831	0.0	0.0
0.7803116866329434	0.480036482912334	0.5393668347329595	1.3325419721870393	0.0	0.0
0.7728553821346371	0.481637879277565	0.5473157719063239	1.3402660970587306	0.0	0.0
0.7775240315203986	0.48293064761636617	0.5426187051869282	1.3465713985193224	0.0	0.0
0.7750105658695909	0.4823656716067063	0.5419839006816924	1.3450560706734054	0.0	0.0
0.7736053462145129	0.48109165794640485	0.5405524246588819	1.3611542171849949	0.0	0.0
0.7579075485600664	0.48195908901089246	0.5415270663043735	1.3623494578232336	0.0	0.0
0.7547779137559998	0.4814142990091618	0.5409149427069234	1.3698156456974468	0.0	0.0
0.7412462628822092	0.4818745073199815	0.5414320306966084	1.3736435318943956	0.0	0.0
0.7568929955661154	0.4815204647987488	0.5410342301109538	1.3628872141327342	0.0	0.0
0.760780169383394	0.48161097834565036	0.5472852026655117	1.365845760428243	0.0	0.0
0.774179024263628	0.48044964083383507	0.5398310571166686	1.3573018826437069	0.0	0.0
0.7717322210468989	0.47988889444367894	0.5392010049928977	1.3525446163089658	0.0	0.0
0.7572663822145651	0.4772774120188145	0.5362667550773197	1.360019350509743	0.0	0.0
0.7575638886673255	0.47179454432559764	0.5361301640063609	1.3579035936890806	0.0	0.0
0.7546554769734468	0.4672405357123652	0.5309551542185967	1.362401068363559	0.0	0.0
0.7529857117898835	0.4635666579832201	0.5328352390611726	1.3717915472032354	0.0	0.0
0.7450633532830999	0.4624210258367012	0.5376988672519781	1.3872157133230796	0.0	0.0
0.747177471393419	0.4593248028343621	0.5279595434877725	1.372796858520998	0.0	0.0
0.7528581062418664	0.45770400406425216	0.5260965563956922	1.3792179680390209	0.0	0.0
0.7551152518183282	0.4537541616048517	0.5215565075917836	1.3732184408444341	0.0	0.0
0.7482751141596895	0.45245798743693544	0.5200666522263625	1.3755536156837769	0.0	0.0
0.7477049492776753	0.45186648803318163	0.5193867678542318	1.3736764111484343	0.0	0.0
0.7437387299048499	0.44793128039171765	0.5148635406801352	1.3822271203244605	0.0	0.0
0.7310730788078377	0.44508447205417395	0.5115913471887057	1.3981774250110064	0.0	0.0
0.7266008985664703	0.44360410468453426	0.5040955735051525	1.4055060503846524	0.0	0.0
0.727288023411417	0.4420387705463351	0.5023167847117445	1.4020756541018677	0.0	0.0
0.7183005562163252	0.44078596580051127	0.5008931429551264	1.412992448366562	0.0	0.0
0.7221941156156897	0.44290885438561545	0.5033055163472903	1.4145664407315548	0.0	0.0
0.7233858534858457	0.4457336850921982	0.5065155512411343	1.4139643065096026	0.0	0.0
0.7267880600334646	0.44768956032811097	0.5087381367364897	1.414543880033162	0.0	0.0
0.7263301956117667	0.44922393683346884	0.5104817464016691	1.4151708151143945	0.0	0.0
0.7202230074361959	0.45041651620212514	0.5118369502296877	1.4096279674880396	0.0	0.0
0.7249282969047219	0.4495991484245876	0.5109081232097586	1.4114370062478874	0.0	0.0
0.7265915637329001	0.4517109297256412	0.5133078746882286	1.412917035540306	0.0	0.0
0.7250256529095997	0.45156931520944554	0.5131469491016426	1.4129303869613783	0.0	0.0
0.7229980503521736	0.45259181687383915	0.5143088828111808	1.4114826411857804	0.0	0.0
0.7065711642826273	0.4516654287613934	0.513256169047038	1.4290042885534189	0.0	0.0
0.7139996304554177	0.4533998500734942	0.5152271023562434	1.4232055089161337	0.0	0.0
0.7046637174173609	0.4526616542489927	0.5203007520103364	1.4304386772120612	0.0	0.0
0.694678537774607	0.45376164450614537	0.515638232393347	1.4426854599307042	0.0	0.0
0.6877232204574375	0.4541447040952601	0.5160735273809774	1.4535017079399255	0.0	0.0
0.6747790500081852	0.4542621957424492	0.5162070406164195	1.4613339280343318	0.0	0.0
0.6708729602398604	0.45349374505605594	0.5095435337708494	1.457489006623915	0.0	0.0
0.6695357274373308	0.4537189640349474	0.5155897318578947	1.4594739882560692	0.0	0.0
0.6673289058721472	0.45364838398941304	0.5155095272606967	1.4671495532382286	0.0	0.0
0.6548284837744167	0.4539563010838321	0.5158594330498092	1.4683742411397118	0.0	0.0
0.670164530312167	0.45444174823243705	0.5164110775368603	1.4603612394294117	0.0	0.0
0.631826684923398	0.5205614983005206	0.5658277155440441	1.4799994000650043	0.0	0.0
0.6269068976274783	0.5256267815782698	0.5713334582372498	1.4753803943306447	0.0	0.0
0.6276963696976599	0.5163166795926584	0.561213782165933	1.4787073518597673	0.0	0.0
0.6350460677695853	0.49972146666584377	0.5552460740731597	1.4772485249922955	0.0	0.0
0.6662388940580759	0.45638938828515974	0.5186243048694997	1.451099183403274	0.0	0.0
0.6019161568445475	0.5750227548538684	0.6250247335368135	1.4868156796749863	0.0	0.0
0.6030993476536843	0.590349926885528	0.6416847031364435	1.4853909088092556	0.0	0.0
0.5996983829903801	0.5913953659940657	0.6428210499935496	1.4872696700101051	0.0	0.0
0.5985643750436644	0.5979970882665223	0.6430076217919595	1.4828928016198395	0.0	0.0
0.6021503395477996	0.5999667102128281	0.6382624576732214	1.4815605971268917	0.0	0.0
0.6085385608140679	0.6034590592423752	0.6419777225982715	1.482352259938401	0.0	0.0
0.6111528953129044	0.6060847977546546	0.644771061441122	1.475133117725379	0.0	0.0
0.6158243621958313	0.6081137972130944	0.646929571503292	1.4723983640188283	0.0	0.0
0.6210423045790772	0.6021692674935959	0.6406056037165915	1.4642392148994534	0.0	0.0
0.6127428439360325	0.6153751731960775	0.6616937346194381	1.4727407685431384	0.0	0.0
0.616766436152429	0.6147427782492104	0.6610137400529145	1.4630389294545958	0.0	0.0
0.6251985659018486	0.616983658879145	0.6634232891173601	1.4547460973137158	0.0	0.0
0.6175733717888185	0.6314403769515914	0.6789681472597757	1.457671562961051	0.0	0.0
0.6119710475747924	0.6385068085995439	0.6792625623399403	1.4657295187015276	0.0	0.0
0.608231841233327	0.644246256072046	0.6781539537600485	1.4616720986003857	0.0	0.0
0.6084400726523578	0.658246080047714	0.6928906105765411	1.4639438943528686	0.0	0.0
0.622043506045983	0.6526520242344703	0.6870021307731267	1.4460990221599948	0.0	0.0
0.6233697909358178	0.6619563034472827	0.6967961088918766	1.4390842361632714	0.0	0.0
0.6219025602114452	0.6590111810774795	0.6936959800815573	1.4411158757531197	0.0	0.0
0.622340975745904	0.66344168466729	0.6983596680708316	1.4481787523231622	0.0	0.0
0.6253833958031545	0.6656605235907561	0.7006952879902696	1.4510040689974666	0.0	0.0
0.6155865372514588	0.6672139515121654	0.7023304752759636	1.4608405245299145	0.0	0.0
0.6170264699351977	0.6750689359126517	0.7105988799080544	1.4565130869362666	0.0	0.0
0.6146870920086478	0.67716337069791	0.7128035481030631	1.4640996529812027	0.0	0.0
0.6083852897539863	0.6801303173081944	0.7159266497980993	1.478613123555067	0.0	0.0
0.6033020760498145	0.6880785619156452	0.7319984701230269	1.4807830819178422	0.0	0.0
0.5973182191116577	0.6979463136832361	0.7424960783864214	1.4802345453855412	0.0	0.0
0.593871402467842	0.702282846219632	0.7551428453974537	1.4896803751627934	0.0	0.0
0.5988428966428672	0.7020947495462909	0.7549405909099902	1.4839656266162162	0.0	0.0
0.5983288951267398	0.7008804189927633	0.7536348591320036	1.4869328009743037	0.0	0.0
0.5927469878551836	0.7081472217561544	0.7614486255442521	1.4968672178241915	0.0	0.0
0.5929383445537386	0.7102968912613571	0.7637600981304915	1.4896971825777734	0.0	0.0
0.5834511368715003	0.7113830329332741	0.76492799240137	1.4977297374957996	0.0	0.0
0.574722804527269	0.7149705513023668	0.768785539034803	1.5031289054530175	0.0	0.0
0.5830055417688262	0.7179671139303323	0.763794802053545	1.496980033278183	0.0	0.0
0.575955746906107	0.7187189886335038	0.7645946687590466	1.50581281441361	0.0	0.0
0.582889143849	0.7169044238497672	0.7626642806912417	1.5003446784416457	0.0	0.0
0.5819888207944257	0.7192262057217533	0.7651342614061206	1.5035369980687583	0.0	0.0
0.5793164627539569	0.7277896397028973	0.7742442975562738	1.5074330204147697	0.0	0.0
0.5768811492454746	0.7277272820155618	0.7741779595910232	1.5075017568928735	0.0	0.0
0.5733806154838672	0.7320881179949152	0.7788171468031013	1.5177772982971725	0.0	0.0
0.5728214930668252	0.7275829855267689	0.774024452688052	1.517193674935734	0.0	0.0
0.5683383534090887	0.730575330973829	0.7772077989083287	1.520814822980326	0.0	0.0
0.5645671042692864	0.7364490095389878	0.7834563931265828	1.5261158599894817	0.0	0.0
0.5689073574389967	0.7339884645440304	0.7808387920681175	1.5269802766813187	0.0	0.0
0.5681634947844605	0.7352660417705387	0.7821979167771688	1.5244082429219727	0.0	0.0
0.5734952938695819	0.7414780637182407	0.7888064507640857	1.5142065053008136	0.0	0.0
0.5803745341654432	0.7422749864524226	0.7813420910025501	1.507965419558705	0.0	0.0
0.5788988413789249	0.7486062585368823	0.7880065879335604	1.5063553479156724	0.0	0.0
0.5775211122913175	0.7510155591143414	0.7823078740774388	1.512482347703423	0.0	0.0
0.58324979901451	0.7481253740978482	0.7792972646852586	1.5070772248782518	0.0	0.0
0.577904661571248	0.7512564372798125	0.7825587888331381	1.512502541266209	0.0	0.0
0.582262418930175	0.753608435797426	0.7850087872889854	1.5104817902673366	0.0	0.0
0.5861325551678642	0.7587937324128232	0.7904101379300242	1.5058956678001856	0.0	0.0
0.5968145864851975	0.7606332278916881	0.7923262790538418	1.5022178254047611	0.0	0.0
0.612086714895856	0.7619934649481067	0.7937431926542778	1.4806068425768608	0.0	0.0
0.6212970656438743	0.7634934532740312	0.7953056804937825	1.4643189379921417	0.0	0.0
0.6186955551081963	0.761736411526891	0.7934754286738448	1.4594273922074175	0.0	0.0
0.6286062854709609	0.7624173017527356	0.7941846893257662	1.4544731720045871	0.0	0.0
0.6219747188444729	0.7630395644550143	0.7948328796406399	1.4601233177785726	0.0	0.0
0.6313044872997806	0.7652513553961623	0.7971368285376691	1.4509700661736353	0.0	0.0
0.6413411156628663	0.769754311821095	0.801827408146974	1.443484309495697	0.0	0.0
0.6495423958326023	0.767998601899003	0.7999985436447948	1.4355767822355903	0.0	0.0
0.6507369565163215	0.7714508711255809	0.80359465742248	1.4354246727472904	0.0	0.0
0.644150291066391	0.7708684426779032	0.8029879611228159	1.44401298944585	0.0	0.0
0.6504315847715874	0.7720409486491684	0.7959185037620293	1.4411385051318624	0.0	0.0
0.6419953316666847	0.7739618106029589	0.7978987738174834	1.451258979392186	0.0	0.0
0.64798871577211	0.7714984494896975	0.7953592262780386	1.4457258165203009	0.0	0.0
0.6547308583032023	0.7737497475262515	0.7976801520889191	1.4459719518759353	0.0	0.0
0.6610032273053645	0.7726481655665235	0.8133138584910774	1.44633151150446	0.0	0.0
0.6555847326347142	0.7755146171700362	0.8078277262187877	1.4509297664216347	0.0	0.0
0.6612606990625183	0.7777364109744153	0.8101420947650159	1.441941051863222	0.0	0.0
0.6594408480104523	0.7774964267371832	0.8098921111845659	1.4372535823254688	0.0	0.0
0.6566818785864845	0.7787984038695478	0.8112483373641123	1.4388485109291016	0.0	0.0
0.6638716694571425	0.7783356675067187	0.8107663203194986	1.4353207670843162	0.0	0.0
0.6576332808896592	0.7768931136953806	0.8092636600993548	1.4397698878573155	0.0	0.0
0.6593183750980043	0.7783217434017865	0.8107518160435276	1.4344631115619013	0.0	0.0
0.6563285213128143	0.7791927479117295	0.8116591124080516	1.4364477625504068	0.0	0.0
0.6527468310348037	0.7835602199528592	0.8162085624508949	1.4387957596372558	0.0	0.0
0.6562362241317525	0.7802269947411928	0.8127364528554092	1.4394380844825432	0.0	0.0
0.6576827372789791	0.7768081430688415	0.8091751490300432	1.4369117670252913	0.0	0.0
0.6502533969936157	0.7782370925921483	0.8106636381168212	1.4435469590167151	0.0	0.0
0.6524156277197157	0.7776099113580165	0.8100103243312672	1.4362656856702485	0.0	0.0
0.6565101572173111	0.7754647330519684	0.8162786663704931	1.4354967984203069	0.0	0.0
0.6578855701873132	0.7771014712653306	0.818001548700348	1.4353191692210177	0.0	0.0
0.6699859794101832	0.776707906903681	0.809070736358001	1.4294083002315194	0.0	0.0
0.6649385297119832	0.7836604860665076	0.8163130063192788	1.4294325390126277	0.0	0.0
0.675806223405012	0.7835197426143327	0.8161663985565966	1.4249449116497108	0.0	0.0
0.6741970758777138	0.783110826876764	0.8157404446632959	1.4269288662877626	0.0	0.0
0.6837541807958818	0.7831690361248219	0.8158010792966895	1.4162138486532543	0.0	0.0
0.6826237860322844	0.7847042630701456	0.8174002740314017	1.414450589510995	0.0	0.0
0.6865575500007679	0.7848141767002549	0.8175147673960989	1.4107149638241416	0.0	0.0
0.6775372813426073	0.7885462294948268	0.8214023223904445	1.4198959430749254	0.0	0.0
0.6813526199590554	0.7874265379249009	0.8202359770051051	1.4177385861813492	0.0	0.0
0.6840328714665331	0.7910248529596244	0.8239842218329421	1.4151565427268735	0.0	0.0
0.6862901037242306	0.7880388626408333	0.820873815250868	1.406514693826022	0.0	0.0
0.6848782235682978	0.790748300905767	0.8152044339234711	1.4013770207257297	0.0	0.0
0.6883828833421515	0.7901315859589221	0.8145686453184764	1.4020020098447388	0.0	0.0
0.6900086292024725	0.7904727464093102	0.8149203571230003	1.39875683675688	0.0	0.0
0.6916638563492852	0.790209618396355	0.8146490911302627	1.3985344681711778	0.0	0.0
0.6949514391416176	0.7912953622015823	0.8157684146408065	1.3919560758048166	0.0	0.0
0.6903844301623496	0.7926434587855091	0.8171582049335145	1.4059546480264453	0.0	0.0
0.6868975912016755	0.7965620566681791	0.8211979965651331	1.4031799465582853	0.0	0.0
0.684496945328698	0.7969975976604189	0.8216470078973391	1.4073922908850163	0.0	0.0
0.676367971978419	0.7983514870004734	0.8316161322921598	1.4178537737225523	0.0	0.0
0.6844825915823856	0.7972687255319627	0.8304882557624612	1.4119102579381244	0.0	0.0
0.688380876641	0.7991222101899008	0.8324189689478133	1.4067589844931518	0.0	0.0
0.6858717145129385	0.8040799981507399	0.8375833314070208	1.4141183448551824	0.0	0.0
0.6734080227242649	0.8066898996767949	0.8403019788299947	1.4205517544835535	0.0	0.0
0.6792571315990261	0.8045292902590164	0.8380513440198087	1.4172698033264741	0.0	0.0
0.6779254168737845	0.8055691442462161	0.8391345252564751	1.4174868635535076	0.0	0.0
0.6803487008013365	0.8031495006433802	0.8366140631701877	1.4162070678448868	0.0	0.0
0.6788022294839191	0.7997527361155796	0.8160742205261017	1.409884102280133	0.0	0.0
0.6792550374279374	0.7964733747633246	0.8296597653784631	1.4099292567436423	0.0	0.0
0.6734320615050728	0.7938278558183572	0.8269040164774554	1.4151552914839147	0.0	0.0
0.6689123276765858	0.7964767343598015	0.8296632649581266	1.4208398043551225	0.0	0.0
0.6648581180068744	0.7936873670001681	0.8267576739585084	1.4286297481992523	0.0	0.0
0.6648054545078967	0.7930842247289607	0.826129400759334	1.4324850376798228	0.0	0.0
0.669100273242941	0.7879481551548547	0.820779328286307	1.424644034403466	0.0	0.0
0.6667740245020424	0.785480953422754	0.8097741787863444	1.4274727200653416	0.0	0.0
0.6642943668477408	0.7838868654608387	0.8081307891348853	1.4248779716118154	0.0	0.0
0.6576205444149141	0.7828346759680656	0.8070460576990367	1.4331399203638866	0.0	0.0
0.6493965492872933	0.7841179726931509	0.8083690440135576	1.442198203284561	0.0	0.0
0.6578238786593007	0.7816988313897305	0.8058750839069386	1.4328628656923477	0.0	0.0
0.6640922367068554	0.7776117025837004	0.8016615490553612	1.4355922611162064	0.0	0.0
0.6568856047760969	0.7764621190149806	0.8088147073072715	1.4470538358814728	0.0	0.0
0.6528438491865878	0.777928300262247	0.8103419794398407	1.4452547315870639	0.0	0.0
0.6552770967039552	0.7775946590464649	0.8099944365067343	1.438372142093863	0.0	0.0
0.6549344956312575	0.7773992229870104	0.8097908572781357	1.4370083388248287	0.0	0.0
0.6550973144453849	0.7780057789613858	0.8104226864181102	1.4328299947487086	0.0	0.0
0.6454690453004479	0.7785703599318569	0.8110107915956842	1.442939800091879	0.0	0.0
0.6499352996608907	0.7792303973762472	0.8116983306002575	1.4376872184201706	0.0	0.0
0.646031747323971	0.7788410580396089	0.8112927687912593	1.4402470007881147	0.0	0.0
0.640300324854798	0.7837966523820742	0.8164548462313274	1.4428980627318004	0.0	0.0
0.6516331973717846	0.7781915172168893	0.8191489654914623	1.4352474218269982	0.0	0.0
0.6482508441226267	0.7793736813079876	0.8291209375616889	1.4385670943747089	0.0	0.0
0.6352172467781791	0.780618069835281	0.8304447551439159	1.4522858181948604	0.0	0.0
0.6344705642955635	0.7822192815473605	0.8233887174182742	1.4456602763159123	0.0	0.0
0.6317044451510101	0.782503833440753	0.8236882457271084	1.4532621113911053	0.0	0.0
0.6241068567530552	0.7801503229606854	0.8126565864173806	1.4574802265696545	0.0	0.0
0.6220516705792456	0.7846803184750396	0.8089487819330305	1.463061000017601	0.0	0.0
0.6271047262489875	0.779248143223565	0.8033486012614072	1.4597237064649307	0.0	0.0
0.6257693728816551	0.7811278103033219	0.8052864023745586	1.4598918270052201	0.0	0.0
0.6303572354832583	0.779176746241991	0.8032749961257638	1.4600374915344887	0.0	0.0
0.6363034078206551	0.7784751103115652	0.8025516601150158	1.449986954835927	0.0	0.0
0.6308207376165205	0.7804850073052789	0.8046237188714216	1.4664765643741307	0.0	0.0
0.6250448530270085	0.7794267856711182	0.8035327687331116	1.4622629040463533	0.0	0.0
0.6237136869117885	0.7796376644426539	0.8037501695285092	1.4639225667323883	0.0	0.0
0.6168759146107761	0.7784820064056336	0.802558769490344	1.4701001917737984	0.0	0.0
0.6116766835336336	0.7786472461289806	0.8027291197205986	1.4745227073440765	0.0	0.0
0.610989850479358	0.7772749038208893	0.8013143338359684	1.4750555983095563	0.0	0.0
0.6086261118597078	0.7765760424164132	0.8174484657014877	1.4742646070690377	0.0	0.0
0.6050503225951345	0.7760971758400889	0.8256352934469031	1.4793845826386722	0.0	0.0
0.6007799209469851	0.7794988900420889	0.8292541383426478	1.4877598098579936	0.0	0.0
0.6046933663445202	0.7805545287874581	0.8216363460920612	1.4826033650663115	0.0	0.0
0.6044880978090716	0.7823656503986579	0.8235427898933242	1.4877599104348735	0.0	0.0
0.6098209189121142	0.7831491035323758	0.8243674774025008	1.481054826207344	0.0	0.0
0.6070876751570278	0.7822444429614973	0.8411230569478465	1.4862439873896924	0.0	0.0
0.6098208750852732	0.7832994595077126	0.8245257468502238	1.4837371466695581	0.0	0.0
0.5954817227135023	0.7851202592336979	0.8264423781407346	1.492144491431593	0.0	0.0
0.5921162955741626	0.7843946418777848	0.8256785703976682	1.4911254268156036	0.0	0.0
0.5992893011031326	0.7817604099052856	0.8229056946371428	1.4867989873767857	0.0	0.0
0.597130618288884	0.7794513481212395	0.8204751032855153	1.4888044955071777	0.0	0.0
0.5965788266743386	0.7787461772567471	0.819732818164997	1.4836961713902987	0.0	0.0
0.5807555606133075	0.7789001124179694	0.8286171408701802	1.5011503048247408	0.0	0.0
0.5729473066085278	0.7770605483602864	0.8179584719581963	1.5045892209717655	0.0	0.0
0.5812733748511023	0.7744768304094787	0.8239115217122114	1.5043649782608894	0.0	0.0
0.5681283196925151	0.7793784549590371	0.8291260159138694	1.510783969274455	0.0	0.0
0.5788278220328218	0.7754819377769679	0.8338515459967397	1.5005746065243906	0.0	0.0
0.5704631384140615	0.7726729912573894	0.8219925438908399	1.5020546952961038	0.0	0.0
0.5779738281569806	0.773225263320503	0.8314250143231215	1.4978410713895394	0.0	0.0
0.5729566647447051	0.7725993715224279	0.8219142250238594	1.4984811780731886	0.0	0.0
0.5725315640554398	0.7690095864252788	0.8268920284142783	1.5016183086278487	0.0	0.0
0.5616932562546355	0.7738429299505468	0.8232371595218583	1.5106070733817336	0.0	0.0
0.5618100414424279	0.7731412234146171	0.8224906632070395	1.5105226455565086	0.0	0.0
0.561676653908991	0.769203170489379	0.8183012452014671	1.5108528098565068	0.0	0.0
0.5454514598602407	0.7731686041662847	0.8138616885960892	1.5230762060315528	0.0	0.0
0.5600987468112408	0.7674760095502741	0.8164638399471001	1.503000470578261	0.0	0.0
0.5582210855138106	0.7684928936265706	0.8175456315176283	1.5084976628096602	0.0	0.0
0.5583980779834963	0.7673674727458882	0.8163483752615832	1.5090592881036233	0.0	0.0
0.5542607960542218	0.7656186220697783	0.814487895818913	1.5135959919809663	0.0	0.0
0.555031943325125	0.7638739910065659	0.8126319053261339	1.5114360667808593	0.0	0.0
0.5538071055171689	0.7660742088303604	0.8063939040319583	1.513963007518988	0.0	0.0
0.5567091291292607	0.7668790888254959	0.807241146132101	1.5117910933478838	0.0	0.0
0.5612003050903571	0.7639140597550879	0.7957438122448832	1.5067554760918649	0.0	0.0
0.557529266128741	0.7658056644502905	0.7977142338023859	1.5045767073968423	0.0	0.0
0.5482811719666052	0.7660707423232346	0.8063902550770891	1.5134436906899418	0.0	0.0
0.5430500501692272	0.7704980162651541	0.8026021002762023	1.5150711301408535	0.0	0.0
0.5448774523217881	0.7677322029213077	0.7997210447096955	1.5156735353954485	0.0	0.0
0.5380890340009545	0.771435646536166	0.7952944809651197	1.5185840181671901	0.0	0.0
0.539352526235779	0.765844627231492	0.7977548200328042	1.5165117059038729	0.0	0.0
0.5441212698788085	0.7652659688075703	0.7889339884614126	1.5096383998979863	0.0	0.0
0.5394294706772926	0.7667057635910784	0.79865183707404	1.5166568663136062	0.0	0.0
0.5383136373312198	0.7668069172797897	0.7987572054997809	1.5147311599495548	0.0	0.0
0.5307851566470536	0.7640891211590941	0.8043043380622044	1.5210352921552852	0.0	0.0
0.5340211758359497	0.7657880167062181	0.8060926491644401	1.5224928512352194	0.0	0.0
0.5326242712779159	0.7676071518225026	0.8080075282342133	1.51863501039688	0.0	0.0
0.5306886896296086	0.7644612149552724	0.8132566116545451	1.5237003262696132	0.0	0.0
0.5234882549426789	0.7652567167747613	0.8141028901859162	1.5250970169820532	0.0	0.0
0.527260077771945	0.7660791465318283	0.8237410177761595	1.5279097878431345	0.0	0.0
0.5207910192919261	0.7674563021716471	0.8164428746506883	1.5343198412633758	0.0	0.0
0.5190014180615414	0.7641074045100607	0.8216208650645813	1.5376441771613332	0.0	0.0
0.5209657399199785	0.7605108432554328	0.8177535948983149	1.539970855039556	0.0	0.0
0.5064292115505529	0.7641467009162463	0.821663119264781	1.5561246781209337	0.0	0.0
0.5069259477561932	0.7629866648620792	0.8204157686689024	1.5538837374240027	0.0	0.0
0.5048101323432583	0.7644515574958707	0.8219909220385707	1.5567724809404864	0.0	0.0
0.4964199873916999	0.7654114807251454	0.8319690007882016	1.5681171826287534	0.0	0.0
0.5008776010051257	0.7633073016329296	0.8296818496010104	1.5657406925001702	0.0	0.0
0.5035480917677602	0.7596410029661332	0.8256967423544926	1.5613924899665077	0.0	0.0
0.5029888032777374	0.7588740245677097	0.7988147627028523	1.5630080952611958	0.0	0.0
0.49988039246854	0.7590876534805692	0.7990396352427044	1.5673860253219802	0.0	0.0
0.4927787930279326	0.7575693707623874	0.814590721249879	1.569219366045296	0.0	0.0
0.49971729189227654	0.7569874281852642	0.7968288717739623	1.5638626524570434	0.0	0.0
0.49456142128678837	0.7600135277187907	0.8000142397039902	1.5699980436600058	0.0	0.0
0.4923920936719759	0.7593583376852934	0.7993245659845193	1.5732939233324494	0.0	0.0
0.4946756746879035	0.7576109641605687	0.7974852254321776	1.572545957174374	0.0	0.0
0.49292781875321023	0.7530453104955502	0.7926792742058424	1.5707145752203857	0.0	0.0
0.49577380961256523	0.7520888513246204	0.8000945226857664	1.575744320116922	0.0	0.0
0.4984803837850038	0.745469028781192	0.7930521582778638	1.5686761758064023	0.0	0.0
0.4967237981123451	0.7449418246650749	0.792491302835186	1.5723671478724515	0.0	0.0
0.4973256020714214	0.7414213216537014	0.7887460868656399	1.5697979121876855	0.0	0.0
0.4910357828037386	0.7378463064767167	0.7766803226070701	1.5729106517612892	0.0	0.0
0.49767958955837077	0.7328264579609691	0.7796026148520948	1.5692535436242552	0.0	0.0
0.5021586782648133	0.728493485804113	0.7749930700043756	1.5728005086202221	0.0	0.0
0.49807833109396005	0.7282978932104421	0.7747849927770661	1.572127449475893	0.0	0.0
0.4973470902458821	0.7217619932757444	0.7678319077401536	1.5733183488758375	0.0	0.0
0.4960629222026336	0.7184745830940734	0.7562890348358667	1.5737410439363582	0.0	0.0
0.5006852110118667	0.7167440471053504	0.754467418005632	1.5674215466982422	0.0	0.0
0.489456907544108	0.7108845238288307	0.7562601317327987	1.5775689900815277	0.0	0.0
0.489671689332414	0.7087769167234497	0.7460809649720522	1.5742612983182778	0.0	0.0
0.4988359671784144	0.7037892511612709	0.7408307906960746	1.5728676635116292	0.0	0.0
0.49758882594637277	0.7000337726569497	0.7447167794222869	1.5759629481295045	0.0	0.0
0.4998435040156364	0.6969910878503365	0.7336748293161436	1.5729555331745289	0.0	0.0
0.5015682543837159	0.6952564913082512	0.7318489382192117	1.5710010531565834	0.0	0.0
0.5040337371084884	0.6959940776471929	0.732625344891782	1.5672989406019875	0.0	0.0
0.5006132800312952	0.6958436884752053	0.732467040500216	1.5666465142869814	0.0	0.0
0.5057823643771528	0.6954680926787876	0.732071676503987	1.5690215094058653	0.0	0.0
0.4899603030817319	0.7015778716136418	0.7385030227512019	1.5745891009638406	0.0	0.0
0.4802663270514538	0.7006921250970339	0.7375706579968778	1.5839994498956782	0.0	0.0
0.48196307163943675	0.6998515009303715	0.7366857904530226	1.5869909471986001	0.0	0.0
0.457116131287165	0.7287811155011512	0.7591469953136992	1.6075959227809704	0.0	0.0
0.46520507650999576	0.7010986445110842	0.7379985731695623	1.6029542815306708	0.0	0.0
0.4597404332020576	0.700773857949819	0.7376566925787568	1.6084244672117105	0.0	0.0
0.4492853535245094	0.7068113045651871	0.7440118995423023	1.6214086753971066	0.0	0.0
0.4475222916449597	0.7083399929312775	0.7456210451908184	1.6256352253825566	0.0	0.0
0.4405621075273336	0.702077912759774	0.7390293818523936	1.6274601527216188	0.0	0.0
0.4329285682036699	0.7047530895101392	0.7418453573790939	1.6326566292466447	0.0	0.0
0.43037797724386606	0.7057676877094963	0.7429133554836803	1.6392476658349329	0.0	0.0
0.4244603185393394	0.7060609270350681	0.7432220284579664	1.6438547281068965	0.0	0.0
0.4218411017594095	0.7127291822402018	0.7424262315002101	1.6447541868658346	0.0	0.0
0.4178391189280717	0.7094933529428151	0.739055575982099	1.6459274881780874	0.0	0.0
0.4209767027965272	0.7095059247432176	0.7390686716075184	1.6460968049970164	0.0	0.0
0.41174844941145783	0.7127618879172881	0.7502756714918822	1.6510114137675664	0.0	0.0
0.4057496828720495	0.713023525515789	0.7427328390789468	1.6558047630766484	0.0	0.0
0.39515420437430393	0.7242611026771801	0.7544386486220627	1.6697633447657465	0.0	0.0
0.3919397300526233	0.7165422696665351	0.7463981975693074	1.67643437523269	0.0	0.0
0.38157625415924423	0.7217746357938798	0.7518485789519581	1.6873312904998292	0.0	0.0
0.375601650433661	0.7213862581503366	0.7593539559477228	1.6933338674996357	0.0	0.0
0.3625315526776356	0.7183874829653124	0.7561973504898025	1.7058073129889546	0.0	0.0
0.35335014201620907	0.7166853242820018	0.7544056045073703	1.71641310787045	0.0	0.0
0.33990429428927094	0.7222254356232702	0.7602373006560739	1.7283861676524932	0.0	0.0
0.3346848263135138	0.7095269542203194	0.746870478126652	1.7358034636507436	0.0	0.0
0.32654450672319624	0.7043835144836612	0.7414563310354328	1.7486577725029688	0.0	0.0
0.3214890161149997	0.6959835449861563	0.7175088092640787	1.7471470018600417	0.0	0.0
0.3202492346507275	0.708278795170557	0.7301843249181	1.743747642006915	0.0	0.0
0.3204955876672393	0.6998481496200174	0.714130764918385	1.7518021515553837	0.0	0.0
0.3172581170901534	0.7115078085003386	0.718694756060948	1.7532054060374735	0.0	0.0
0.306486489953832	0.7122533479982834	0.7194478262608924	1.763811687849739	0.0	0.0
0.3079203939219779	0.7113352454202396	0.718520449919434	1.7628749738622873	0.0	0.0
0.3005338751047373	0.6948747276543868	0.7018936642973604	1.7670621628725542	0.0	0.0
0.29285457488878763	0.7049607987530195	0.71208161490204	1.7780143661955747	0.0	0.0
0.28259182976844643	0.6222856580537818	0.6349853653610018	1.7840503329830435	0.0	0.0
0.2869200210585332	0.621711466129315	0.627991379928601	1.7846042617612963	0.0	0.0
0.28759944836845697	0.6227563099394099	0.6290467777165757	1.7846836663646402	0.0	0.0
0.28697521587133923	0.6255045754259542	0.6318228034605597	1.7869335051012856	0.0	0.0
0.2846135801578391	0.6244241788796078	0.6307314938177856	1.7870006183868468	0.0	0.0
0.2817573670447109	0.6263712634220282	0.6326982458808366	1.7923071458727802	0.0	0.0
0.2757386437108502	0.6276679675867955	0.6340080480674702	1.7956313279293508	0.0	0.0
0.2775974152960572	0.6271228217057974	0.6334573956624215	1.795180335824982	0.0	0.0
0.27603127890512047	0.6258315717392258	0.6321531027668946	1.7993057219445554	0.0	0.0
0.2735671656450185	0.6289734956792351	0.6353267633123586	1.8022933981987033	0.0	0.0
0.2759511838270079	0.6279388519941179	0.6342816686809273	1.8003643603670914	0.0	0.0
0.2765627056614881	0.629896167317896	0.6362587548665617	1.8006132168386397	0.0	0.0
0.2747780716669006	0.6305718714788849	0.6369412843221061	1.8025657680609104	0.0	0.0
0.27591661102369147	0.6310911164687524	0.6374657742108609	1.8070496496939692	0.0	0.0
0.2733249290074855	0.630916115830427	0.6372890058893201	1.8080749739149125	0.0	0.0
0.2734679585384294	0.6312560108221222	0.6376323341637599	1.809256468649461	0.0	0.0
0.26835319596453955	0.6311237912179501	0.6374987790080304	1.8126725560244594	0.0	0.0
0.26738337555305014	0.6335043922124245	0.6399034264771964	1.813196447487892	0.0	0.0
0.26452966968177205	0.6328462874355542	0.6392386741773274	1.8171929264743043	0.0	0.0
0.26402580275217047	0.6336870914405831	0.6400879711521041	1.8177396608594638	0.0	0.0
0.25993144667285173	0.634248708942636	0.6406552615582181	1.8214943893779991	0.0	0.0
0.26211500476139893	0.6347930940979335	0.6412051455534682	1.8180747407520905	0.0	0.0
0.26262814552722613	0.6356633563159533	0.6420841982989427	1.821996261791324	0.0	0.0
0.26221410181541094	0.6361994806851391	0.642625738065797	1.8175955367373378	0.0	0.0
0.26124641409776816	0.6354277524438704	0.6418462145897681	1.8207419075705917	0.0	0.0
0.2639640799864378	0.6344368497295045	0.6408453027570753	1.8241950752081126	0.0	0.0
0.2636560146730442	0.635174721076551	0.6415906273500516	1.8238134110476651	0.0	0.0
0.26398244713246055	0.6346878624759033	0.6410988509857608	1.8196950406129828	0.0	0.0
0.2670802100746641	0.6338704413883643	0.6402731731195599	1.8202639679960089	0.0	0.0
0.2611833778831967	0.6353776101432943	0.6417955658013074	1.8254025656043584	0.0	0.0
0.26061061811525277	0.6357915679369242	0.6422137049867921	1.8237467346649725	0.0	0.0
0.2605435217623464	0.6352802252695806	0.6416971972420006	1.8240843838836625	0.0	0.0
0.26574474510076307	0.636371950832208	0.6427999503355637	1.8229927063641294	0.0	0.0
0.2571349529681648	0.6360831042725814	0.6425081861339206	1.8305861217635933	0.0	0.0
0.26210874620489144	0.6355772108191222	0.641997182645578	1.8262781411466364	0.0	0.0
0.2615538288201269	0.6351576259791961	0.6415733595749455	1.8279586667198613	0.0	0.0
0.25823040383520723	0.637702283586762	0.644143720794709	1.8276190483682557	0.0	0.0
0.25698671165419174	0.6368359699058469	0.6432686564705524	1.8271404744266118	0.0	0.0
0.25528600319408645	0.636848204663688	0.643281014811806	1.8289004938207567	0.0	0.0
0.2577157979336826	0.6365843602354225	0.6430145052883056	1.827167341365374	0.0	0.0
0.2586470510368126	0.6379349474033748	0.6443787347508836	1.82594111475188	0.0	0.0
0.25860737927528565	0.6376902797974201	0.6441315957549698	1.828193363273491	0.0	0.0
0.2538027013729043	0.6379201132070809	0.644363750714223	1.8294781919998464	0.0	0.0
0.2549428455802356	0.6385288905475308	0.6449786773207382	1.8294907092028239	0.0	0.0
0.2561098575913492	0.6381682916510916	0.6446144360112036	1.8286620331562384	0.0	0.0
0.2525095938042532	0.637498657698791	0.6439380380795868	1.8352803686255943	0.0	0.0
0.2518356803042461	0.6390414515600125	0.6454964157171843	1.8324481936042472	0.0	0.0
0.24570415347681673	0.638944329469822	0.6453983125957798	1.8376522254076237	0.0	0.0
0.23548373005432466	0.638318708872044	0.6447663725980242	1.8404855336576176	0.0	0.0
0.24612338201757655	0.6359169556989552	0.642340359291874	1.8342473875066168	0.0	0.0
0.24055251421313684	0.6378464054511187	0.6442892984354734	1.8377952211205728	0.0	0.0
0.23847267573372943	0.6389272459138877	0.6453810564786745	1.8456393666487487	0.0	0.0
0.2361631738381107	0.6386530925125745	0.6451041338510853	1.84384023492136	0.0	0.0
0.23722724714757804	0.6385237433129474	0.6449734780938863	1.8425192917846762	0.0	0.0
0.23905055746192105	0.6385525437282153	0.6450025694224397	1.8385231348276145	0.0	0.0
0.23284572102090428	0.6366414402387732	0.6430721618573467	1.8410422708026812	0.0	0.0
0.2371192341910462	0.6379010015896076	0.6443444460501087	1.8443116039640366	0.0	0.0
0.23538624696181598	0.6372742870214811	0.6372742870214811	1.8399385619358215	0.0	0.0
0.24149905766344304	0.639724632149462	0.639724632149462	1.8404078715197691	0.0	0.0
0.23988040609999617	0.6371390149492389	0.6371390149492389	1.8376424454318026	0.0	0.0
0.2358328185524865	0.6388900941073534	0.6453435294013671	1.8385863405415692	0.0	0.0
0.23599857239918487	0.6400375152293715	0.6400375152293715	1.839272430218451	0.0	0.0
0.23399163843110649	0.6382723645504551	0.6447195601519748	1.8457796723268316	0.0	0.0
0.23536341665661942	0.6384138490361311	0.6448624737738698	1.8420957410475096	0.0	0.0
0.23872304018119905	0.6384922122404625	0.6384922122404625	1.8389582148527368	0.0	0.0
0.24082334520368387	0.636847896624325	0.6432807036609344	1.842191271313041	0.0	0.0
0.23863850294898947	0.6367883816325668	0.6367883816325668	1.839592766944077	0.0	0.0
0.2425943298409019	0.6366128947226115	0.6366128947226115	1.8398568836803821	0.0	0.0
0.2340863896286205	0.6353711237792913	0.6353711237792913	1.8446210327433032	0.0	0.0
0.23978914395397077	0.6345320107113186	0.6345320107113186	1.840448811562281	0.0	0.0
0.24629290867707887	0.6339645960345767	0.6403682788228047	1.8348666390778638	0.0	0.0
0.23851684430584985	0.635687465152909	0.635687465152909	1.8405844532554456	0.0	0.0
0.23584370377920205	0.6331069832697694	0.6331069832697694	1.8448743598912294	0.0	0.0
0.23936647980692394	0.6348975413632783	0.6348975413632783	1.8444884662450496	0.0	0.0
0.24016733745115904	0.6359992757019343	0.6359992757019343	1.8368788144985921	0.0	0.0
0.2369224222085402	0.6371353339143689	0.6371353339143689	1.8467263796964657	0.0	0.0
0.23746168943072798	0.6359435130336366	0.6359435130336366	1.8406122164391134	0.0	0.0
0.23167648312534483	0.6379826161520498	0.6379826161520498	1.8431178201708045	0.0	0.0
0.22872274387988356	0.6385324717604556	0.6385324717604556	1.8503083188241485	0.0	0.0
0.23037452860746788	0.6391128681744286	0.6391128681744286	1.851664569426378	0.0	0.0
0.22803645206799827	0.639345585221109	0.639345585221109	1.8535138046035702	0.0	0.0
0.22971443014767123	0.6412919176144872	0.6412919176144872	1.8519166653879195	0.0	0.0
0.22899527065736391	0.6396939982003343	0.6396939982003343	1.8533077780884883	0.0	0.0
0.22915353948768602	0.6382599389000019	0.6382599389000019	1.8547859988969913	0.0	0.0
0.227247279749762	0.6396287072791726	0.6396287072791726	1.8532692955814365	0.0	0.0
0.22731930978884463	0.6413076608878592	0.6413076608878592	1.855464421255406	0.0	0.0
0.2303097771448832	0.6402024307196578	0.6402024307196578	1.8536001240515891	0.0	0.0
0.23669043030709602	0.6411533793519759	0.6411533793519759	1.852656013482681	0.0	0.0
0.23481648385673726	0.6416737638441833	0.6416737638441833	1.8514703906326297	0.0	0.0
0.23588436491406362	0.6421313176820368	0.6421313176820368	1.854401798864319	0.0	0.0
0.23157359452968618	0.6434248428211069	0.6434248428211069	1.8544320029963282	0.0	0.0
0.23402879005931432	0.6400824405785646	0.6400824405785646	1.8504483510481906	0.0	0.0
0.23468669017731303	0.6415273246271611	0.6415273246271611	1.8527915703328601	0.0	0.0
0.23434893271584545	0.6403046669377135	0.6403046669377135	1.8518442135917237	0.0	0.0
0.23217967591859945	0.6399002060251973	0.6399002060251973	1.8532833392221644	0.0	0.0
0.23599403101033345	0.640682702681279	0.640682702681279	1.8512927854523706	0.0	0.0
0.23296641643615978	0.6399582032594237	0.6399582032594237	1.8545091993577036	0.0	0.0
0.22983119041637345	0.6411492217316677	0.6411492217316677	1.8537391808852655	0.0	0.0
0.2314094300212035	0.6405366994767696	0.6405366994767696	1.855110349048251	0.0	0.0
0.23044384590206812	0.6410849579517843	0.6410849579517843	1.856635111402899	0.0	0.0
0.23272160085425342	0.6419950560875965	0.6419950560875965	1.8588809903285783	0.0	0.0
0.2244425085766273	0.6429527553392766	0.6429527553392766	1.8586259906887703	0.0	0.0
0.2268893190087593	0.6423289640602922	0.6423289640602922	1.8587850784437574	0.0	0.0
0.22367320862271822	0.6439107769122883	0.6439107769122883	1.8651184630447277	0.0	0.0
0.22515608664821052	0.6439962280010044	0.6439962280010044	1.8637256199872327	0.0	0.0
0.22788936352360123	0.6425392335677432	0.6425392335677432	1.8632997759365038	0.0	0.0
0.22474039750798047	0.6452377715899078	0.6452377715899078	1.8662844678624249	0.0	0.0
0.2210654411720403	0.6453318705212665	0.6453318705212665	1.866314470917944	0.0	0.0
0.22122141218172464	0.647658772590804	0.647658772590804	1.864495641865951	0.0	0.0
0.21250645816631875	0.6462004674654144	0.6462004674654144	1.8751597442854204	0.0	0.0
0.2160386982556084	0.6484085602885592	0.6484085602885592	1.8689661377423492	0.0	0.0
0.22095810417428097	0.6617100486504779	0.6617100486504779	1.8690442876332543	0.0	0.0
0.21368796155999426	0.6469995507978149	0.6469995507978149	1.8679946980870779	0.0	0.0
0.21327778427330712	0.6493002653910009	0.6493002653910009	1.8751001495342228	0.0	0.0
0.20402128650534523	0.6487489559824456	0.6487489559824456	1.8796712226468395	0.0	0.0
0.20632669924248992	0.6481286849806175	0.6481286849806175	1.8801054927250358	0.0	0.0
0.20189985043668823	0.6479974335944918	0.6479974335944918	1.880494495149947	0.0	0.0
0.20228116134474683	0.6480412827603022	0.6480412827603022	1.8839773778408009	0.0	0.0
0.1993051889802595	0.6496462101733451	0.6496462101733451	1.8815440790062237	0.0	0.0
0.19692506491108341	0.6502919949693637	0.6502919949693637	1.8861013443712538	0.0	0.0
0.19842996843593608	0.6506752219734894	0.6506752219734894	1.8880822146987128	0.0	0.0
0.1888011410019872	0.6493023141858133	0.6493023141858133	1.8922258740798532	0.0	0.0
0.19070655599085828	0.6523209045510611	0.6523209045510611	1.8918864670130617	0.0	0.0
0.18844382386666036	0.6510437192435918	0.6510437192435918	1.8947837328947668	0.0	0.0
0.19172755516942397	0.6521603013798941	0.6521603013798941	1.891565460345826	0.0	0.0
0.18469492916335595	0.6522731642773455	0.6522731642773455	1.9005640622776505	0.0	0.0
0.18752141517621657	0.652966489113415	0.652966489113415	1.9002256584993331	0.0	0.0
0.17899889635660715	0.6538333429559725	0.6538333429559725	1.90471299505072	0.0	0.0
0.1766741514712411	0.6549015380744424	0.6549015380744424	1.9032592969236588	0.0	0.0
0.17267880490339116	0.6540987118349184	0.6540987118349184	1.911576760892873	0.0	0.0
0.16914790891827058	0.6550053546958562	0.6550053546958562	1.9101529235241244	0.0	0.0
0.16843687201055513	0.6542288504362014	0.6542288504362014	1.9151798963316222	0.0	0.0
0.16716727589978553	0.6550058878910897	0.6550058878910897	1.914189874715162	0.0	0.0
